      0/29     10.5G   0.06882    0.1779   0.06829     0.315        43       640   0.05712    0.1507   0.04175   0.01776   0.07885  0.007564   0.05755
      1/29     10.6G   0.05049   0.00984   0.04242    0.1027        36       640    0.6864    0.2034    0.1946    0.0913   0.05828   0.00739   0.03384
      2/29     10.6G   0.04469  0.009963    0.0205   0.07516        42       640     0.309    0.4329    0.3153    0.1314   0.06115  0.008438   0.02276
      3/29     10.6G     0.051   0.01028   0.01717   0.07845        34       640    0.3874    0.2983      0.21   0.09112    0.0712  0.008929   0.02723
      4/29     10.6G   0.05207   0.01058   0.01596   0.07862        33       640    0.5312     0.356    0.3263     0.148   0.06568  0.008638   0.02691
      5/29     10.6G   0.04949   0.01044   0.01368   0.07362        39       640    0.5438    0.3763    0.4184    0.1891   0.06263  0.007971   0.01684
      6/29     10.6G   0.04862   0.01057   0.01313   0.07232        34       640    0.5814    0.3083    0.3511    0.1539   0.06208  0.008408   0.02296
      7/29     10.6G   0.04745   0.01046   0.01141   0.06932        29       640     0.524    0.4857    0.4671    0.2263   0.06272  0.008433   0.02149
      8/29     10.6G   0.04713    0.0104   0.01114   0.06867        36       640    0.5085    0.4859    0.5015    0.2446   0.05865  0.007878   0.01462
      9/29     10.6G    0.0456   0.01031   0.01076   0.06667        21       640    0.5104     0.573    0.5524    0.2791   0.05944  0.007795   0.01357
     10/29     10.6G   0.04504   0.01015    0.0101   0.06528        46       640    0.5628    0.5566    0.5373    0.2726    0.0586  0.007924   0.01595
     11/29     10.6G   0.04499   0.01006  0.009559   0.06461        45       640    0.6083    0.6077    0.6347    0.3216    0.0532  0.007687   0.01349
     12/29     10.6G    0.0443   0.01023  0.009232   0.06376        49       640    0.6305    0.5558    0.6117    0.3217   0.05382  0.007661   0.01119
     13/29     10.6G   0.04401   0.00991   0.00922   0.06314        48       640    0.5638    0.5916    0.5966    0.3052   0.05511  0.008142   0.01638
     14/29     10.6G   0.04199  0.009952  0.007729   0.05967        48       640    0.6139    0.6399    0.6423     0.334   0.05597  0.007418   0.01213
     15/29     10.6G   0.04192  0.009842   0.00788   0.05964        28       640    0.6443    0.6221    0.6515    0.3491   0.05335  0.007639   0.01117
     16/29     10.6G   0.04119  0.009882  0.007763   0.05883        36       640    0.6293    0.5823    0.5916    0.3183   0.05512   0.00752   0.01386
     17/29     10.6G   0.04047   0.01009  0.007742    0.0583        31       640    0.5939    0.6261    0.6454     0.348   0.04984   0.00754   0.01265
     18/29     10.6G   0.03957   0.00982  0.006933   0.05632        43       640    0.6869    0.6381    0.6762    0.3618   0.05413  0.007462  0.009591
     19/29     10.6G   0.03906  0.009741  0.006382   0.05518        23       640    0.6362     0.657     0.667    0.3671   0.05067  0.007376  0.009843
