       0/9       10G   0.06851    0.1838   0.08261    0.3349        35       640   0.05351    0.1401   0.04256   0.01663   0.08336  0.007666   0.06857
       1/9     10.7G   0.05128  0.009872   0.04591    0.1071        36       640    0.2609    0.2316    0.1425   0.07171   0.06061  0.007641   0.03756
       2/9     10.7G   0.04654  0.009814   0.02221   0.07856        44       640    0.3311    0.3707    0.3109     0.132   0.06548  0.008212   0.02662
       3/9     10.7G   0.04971  0.009916   0.01494   0.07457        31       640    0.2083    0.3903    0.2056    0.0939   0.06927  0.009898   0.02834
       4/9     10.7G   0.04927   0.01032   0.01354   0.07313        49       640    0.3524    0.4471    0.3681    0.1716   0.06471   0.00829   0.01978
       5/9     10.7G   0.04833   0.01029   0.01291   0.07153        41       640    0.4628    0.5353    0.4751    0.2319   0.06157  0.008123    0.0154
       6/9     10.7G   0.04487   0.01036   0.01069   0.06592        47       640    0.4906    0.5533    0.5651    0.2953   0.05612  0.008034   0.01493
       7/9     10.7G    0.0421   0.01001  0.008661   0.06077        49       640    0.5399    0.5861    0.5845    0.3211    0.0528   0.00768   0.01271
       8/9     10.7G   0.04002  0.009839   0.00789   0.05774        30       640    0.6118     0.616    0.6431    0.3609   0.04906  0.007268   0.01156
       9/9     10.7G   0.03829  0.009693  0.007326   0.05531        42       640    0.6316    0.5961    0.6532    0.3602    0.0476  0.007566   0.01183
