       0/9     10.5G   0.06878    0.1779   0.06829    0.3149        43       640   0.05483    0.1758   0.04617   0.01871   0.07773  0.007613   0.05756
       1/9     10.6G   0.05145   0.00974   0.04253    0.1037        36       640    0.1655    0.2813    0.1733   0.08146   0.06268  0.007208   0.03433
       2/9     10.6G   0.04621  0.009869   0.02015   0.07623        42       640    0.4785    0.4188    0.3802    0.1631   0.06182  0.007562   0.02093
       3/9     10.6G   0.04958  0.009999   0.01506   0.07464        34       640    0.4538     0.214     0.211   0.09297   0.07109  0.008861   0.02792
       4/9     10.6G   0.04893   0.01039   0.01322   0.07253        33       640      0.47    0.3052    0.2561    0.1202   0.06524  0.009219   0.02803
       5/9     10.6G   0.04489   0.01038    0.0117   0.06696        39       640    0.3953    0.3069    0.2849    0.1313   0.06608  0.008399    0.0204
       6/9     10.6G   0.04306   0.01024   0.01048   0.06379        34       640    0.4872    0.6099    0.5531    0.2808   0.05317  0.007812   0.01218
       7/9     10.6G   0.04044   0.01013  0.008893   0.05946        29       640    0.6541    0.6005    0.6553    0.3367   0.05006  0.007437   0.01061
       8/9     10.6G   0.03848  0.009838   0.00731   0.05562        36       640    0.7421    0.5758    0.6876    0.3735   0.04852  0.007153   0.01019
       9/9     10.6G   0.03699  0.009657  0.006814   0.05346        21       640    0.6437    0.6754    0.7047    0.4019   0.04612  0.007148  0.008349
