      0/19     10.5G   0.06882    0.1779   0.06829     0.315        43       640   0.05988    0.1618   0.05154   0.02129   0.07969  0.007512   0.05754
      1/19     10.6G   0.05063  0.009742   0.04225    0.1026        36       640    0.1289    0.3124    0.1892   0.07774   0.05715  0.007303   0.03361
      2/19     10.6G   0.04544  0.009917   0.01961   0.07497        42       640    0.4604    0.3697    0.3319    0.1534   0.06199  0.008077   0.02479
      3/19     10.6G   0.04932   0.01016   0.01526   0.07475        34       640     0.413    0.2564    0.1273   0.05088   0.07786   0.01121   0.04562
      4/19     10.6G   0.05013   0.01044   0.01457   0.07514        33       640    0.5269    0.4075    0.3929    0.1766     0.064  0.008224   0.01889
      5/19     10.6G   0.04729   0.01043   0.01302   0.07074        39       640    0.5277    0.3667    0.3769    0.1768   0.06306  0.008075    0.0222
      6/19     10.6G   0.04623   0.01037   0.01149   0.06809        34       640    0.5208    0.4853    0.4641    0.2258   0.05861  0.008452   0.01506
      7/19     10.6G   0.04399    0.0102    0.0102    0.0644        29       640    0.5717    0.5755    0.5632    0.2774   0.05796  0.007758   0.01478
      8/19     10.6G   0.04308    0.0102   0.01012    0.0634        36       640    0.5309    0.5794    0.5775    0.2853   0.05451  0.007717   0.01353
      9/19     10.6G   0.04191   0.01001  0.008928   0.06084        21       640    0.5073    0.5557    0.5525    0.2896   0.05297   0.00785   0.01758
     10/19     10.6G   0.04098  0.009943  0.008413   0.05933        46       640    0.6238    0.6247    0.6318    0.3357   0.04927  0.007748  0.009968
     11/19     10.6G   0.03988    0.0098  0.007678   0.05736        45       640    0.6475    0.6242    0.6878    0.3749   0.04824  0.007416  0.008759
     12/19     10.6G   0.03864  0.009741  0.007002   0.05538        49       640    0.6766    0.6451    0.7044    0.3979    0.0465  0.007424  0.008567
     13/19     10.6G   0.03789   0.00959  0.006693   0.05418        48       640    0.6562    0.6886    0.7161    0.3836   0.04542  0.007628  0.006707
     14/19     10.6G   0.03626  0.009505  0.005914   0.05168        48       640    0.7237    0.6837    0.7525    0.4281   0.04407  0.007168  0.006014
     15/19     10.6G   0.03619  0.009427  0.006076   0.05169        28       640    0.6729    0.7136    0.7449    0.4321   0.04368  0.007157  0.005839
     16/19     10.6G    0.0355   0.00929  0.005667   0.05045        36       640    0.7041    0.7056    0.7623    0.4438   0.04401  0.007187  0.005366
     17/19     10.6G   0.03494  0.009321  0.005328   0.04959        31       640    0.7109    0.6955    0.7539     0.448   0.04255  0.007197  0.005639
     18/19     10.6G   0.03403  0.009166  0.005108    0.0483        43       640    0.7227     0.686    0.7587    0.4536   0.04318  0.006984  0.005437
     19/19     10.6G   0.03386  0.009204   0.00474    0.0478        23       640    0.7155      0.72    0.7766    0.4598   0.04233  0.007024  0.005381
